load_lerf_config: /workspace/chat-with-nerf/data/home_2/outputs/home_2/lerf/2023-05-12_065145/config.yml
camera_path: /workspace/chat-with-nerf/data/home_2/home_2/TheOneKitchen-poly/keyframes/cameras
camera_poses: {
        "camera_type": "perspective",
        "render_height": 748,
        "render_width": 512,
        "camera_path": [
            {
                "camera_to_world": [
                    -0.9542546272277832,
                    0.1022015085046391,
                    0.28098561364858227,
                    0.1,
                    0.2106615751981735,
                    -0.4370800117571756,
                    0.8744042988904711,
                    0.4,
                    0.21217863261699677,
                    0.8935971539490517,
                    0.39555566151760546,
                    0.15,
                    0,
                    0,
                    0,
                    1,
                ],
                "fov": 90,
                "aspect": 1,
            },
            {
                "camera_to_world": [
                    -0.7204679931315234,
                    0.33063507217876537,
                    -0.609595174621738,
                    0.1,
                    -0.6519255484183824,
                    -0.6226503687676077,
                    0.4327813668051319,
                    0.4,
                    -0.23647193517650653,
                    0.7092157347129321,
                    0.664149074043748,
                    0.15,
                    0,
                    0,
                    0,
                    1,
                ],
                "fov": 90,
                "aspect": 1,
            },
            {
                "camera_to_world": [
                    0.23378663409625944,
                    0.4267378120313045,
                    -0.873635282314311,
                    0.1,
                    -0.8625871236165559,
                    -0.323586485136508,
                    -0.38888990044571936,
                    0.4,
                    -0.4486505677935033,
                    0.8445037387584632,
                    0.2924483378055659,
                    0.15,
                    0,
                    0,
                    0,
                    1,
                ],
                "fov": 90,
                "aspect": 1,
            },
            {
                "camera_to_world": [
                    0.9542546272277828,
                    0.19214074322753688,
                    -0.2290851331057172,
                    0.1,
                    -0.21066157519817383,
                    -0.11165697811013622,
                    -0.97116143551682545,
                    0.4,
                    -0.21217863261699693,
                    0.9749946555667443,
                    -0.06607250956911777,
                    0.15,
                    0,
                    0,
                    0,
                    1,
                ],
                "fov": 90,
                "aspect": 1,
            },
            {
                "camera_to_world": [
                    0.7204679931315237,
                    -0.13855906542876995,
                    0.6795051237954498,
                    0.1,
                    0.6519255484183818,
                    -0.19879135471486412,
                    -0.7317617033370805,
                    0.4,
                    0.23647193517650625,
                    0.9701975683294942,
                    -0.05289262070561939,
                    0.15,
                    0,
                    0,
                    0,
                    1,
                ],
                "fov": 90,
                "aspect": 1,
            },
            {
                "camera_to_world": [
                    -0.23378663409625886,
                    -0.23466180528130923,
                    0.9435452314880234,
                    0.1,
                    0.8625871236165558,
                    -0.49785523834596374,
                    0.08990956391377053,
                    0.4,
                    0.4486505677935032,
                    0.8349095642839632,
                    0.3188081155325626,
                    0.15,
                    0,
                    0,
                    0,
                    1,
                ],
                "fov": 90,
                "aspect": 1,
            },
        ],
        "crop": None,
    }
