class Settings:
    load_config = (
        "/workspace/inthewild/outputs/bigexample/lerf/2023-04-22_022439/config.yml"
    )
    output_path = "/workspace/nerf-grounding-chat-interface/grounder_images/results"
    threshold = 0.7
    camera_poses = {
        "camera_type": "perspective",
        "render_height": 512,
        "render_width": 512,
        "camera_path": [
            {
                "camera_to_world": [
                    -0.12864399423727244,
                    -0.5106901279486397,
                    0.8500860638561738,
                    0.5079860469443291,
                    0.9916908403059297,
                    -0.06624768043293582,
                    0.11027475726826602,
                    0.004758603604407309,
                    1.179611963664229e-16,
                    0.8572087482364243,
                    0.5149690883411764,
                    0.22112741140340567,
                    0,
                    0,
                    0,
                    1,
                ],
                "fov": 60,
                "aspect": 1,
            },
            {
                "camera_to_world": [
                    0.9092353022714954,
                    -0.1206060680650088,
                    0.39842859015030635,
                    0.3042972936977975,
                    0.4162825544065741,
                    0.26342515099915315,
                    -0.8702390618202628,
                    -0.22387419434386363,
                    -1.2490009027033009e-16,
                    0.9571109476789889,
                    0.2897216488856643,
                    -0.004217803275007051,
                    0,
                    0,
                    0,
                    1,
                ],
                "fov": 60,
                "aspect": 1,
            },
            {
                "camera_to_world": [
                    0.6606767625612063,
                    0.1821136325946311,
                    -0.7282450413389927,
                    0.123827958484985,
                    -0.7506705105514958,
                    0.1602810334356779,
                    -0.6409397591889175,
                    -0.005271083713734762,
                    -1.3877787807814457e-16,
                    0.9701260820862301,
                    0.2426012878284474,
                    -0.08781295803862899,
                    0,
                    0,
                    0,
                    1,
                ],
                "fov": 60,
                "aspect": 1,
            },
            {
                "camera_to_world": [
                    -0.4954088520050116,
                    0.1367530739399909,
                    -0.8578278767462852,
                    0.17087872371417623,
                    -0.8686599273335203,
                    -0.07799218225333791,
                    0.4892311827268225,
                    0.22993231899924776,
                    1.8041124150158794e-16,
                    0.9875301596788453,
                    0.15742993274683975,
                    -0.1148580312813566,
                    0,
                    0,
                    0,
                    1,
                ],
                "fov": 60,
                "aspect": 1,
            },
            {
                "camera_to_world": [
                    -0.999805829155658,
                    0.004330407622207768,
                    -0.019223723785805617,
                    0.5071561465426954,
                    -0.01970543037762494,
                    -0.21971439853552355,
                    0.9753652029316023,
                    0.34307247365592997,
                    -8.153200337090993e-17,
                    0.975554627197267,
                    0.21975706895115193,
                    -0.11688366063686242,
                    0,
                    0,
                    0,
                    1,
                ],
                "fov": 60,
                "aspect": 1,
            },
            {
                "camera_to_world": [
                    -0.7833541465458759,
                    -0.16770467366997355,
                    0.5985243716997914,
                    0.6116561020361951,
                    0.6215756438997448,
                    -0.21135344153814045,
                    0.7543032822814718,
                    0.24201275562612168,
                    -2.7755575615628907e-17,
                    0.9629147756573432,
                    0.2698057353370541,
                    -0.13410411748123924,
                    0,
                    0,
                    0,
                    1,
                ],
                "fov": 60,
                "aspect": 1,
            },
        ],
        "crop": None,
    }
