load_lerf_config: /workspace/chat-with-nerf/data/office/outputs/office/lerf/2023-04-22_022439/config.yml
camera_path: /workspace/chat-with-nerf/data/office/office/Apr7at4-46PM-poly/keyframes/corrected_cameras
camera_poses: {
        "camera_type": "perspective",
        "render_height": 748,
        "render_width": 512,
        "camera_path": [
            {
                "camera_to_world": [
                    -0.9902731776237488,
                    -0.13354317076495228,
                    -0.03905473747983673,
                    0.2,
                    -0.012074971571564687,
                    -0.19714831817997971,
                    0.9802993005116596,
                    0.1,
                    -0.13861185312271113,
                    0.9712356694714058,
                    0.19361817161034783,
                    0.15,
                    0,
                    0,
                    0,
                    1,
                ],
                "fov": 90,
                "aspect": 1,
            },
            {
                "camera_to_world": [
                    -0.46131419401620366,
                    0.17450628743184246,
                    -0.8699061945661429,
                    0.2,
                    -0.855001583340995,
                    -0.34932328939338736,
                    0.383334729518567,
                    0.1,
                    -0.23698418181021177,
                    0.9206089063126699,
                    0.31035094175296163,
                    0.15,
                    0,
                    0,
                    0,
                    1,
                ],
                "fov": 90,
                "aspect": 1,
            },
            {
                "camera_to_world": [
                    0.5289589836075448,
                    0.16114878052144238,
                    -0.8332067459496098,
                    0.2,
                    -0.8429266117694305,
                    -0.014041182130336761,
                    -0.537845289333826,
                    0.1,
                    -0.09837232868750072,
                    0.986830221117295,
                    0.12840937464065816,
                    0.15,
                    0,
                    0,
                    0,
                    1,
                ],
                "fov": 90,
                "aspect": 1,
            },
            {
                "camera_to_world": [
                    0.9902731776237484,
                    -0.138847039034578,
                    -0.008975005788660373,
                    0.2,
                    0.012074971571564185,
                    0.15002328746897134,
                    -0.9886087148927252,
                    0.1,
                    0.138611853122711,
                    0.9788843064509667,
                    0.15024059576330856,
                    0.15,
                    0,
                    0,
                    0,
                    1,
                ],
                "fov": 90,
                "aspect": 1,
            },
            {
                "camera_to_world": [
                    0.461314194016204,
                    -0.42548535168019846,
                    0.778557285755756,
                    0.2,
                    0.8550015833409946,
                    -0.02119435019477106,
                    -0.5181921215992298,
                    0.1,
                    0.23698418181021172,
                    0.9047170769800132,
                    0.35401338399826243,
                    0.15,
                    0,
                    0,
                    0,
                    1,
                ],
                "fov": 90,
                "aspect": 1,
            },
            {
                "camera_to_world": [
                    -0.5289589836075442,
                    -0.4121278447697986,
                    0.7418578371392233,
                    0.2,
                    0.8429266117694306,
                    -0.3564764574578216,
                    0.402987897253164,
                    0.1,
                    0.0983723286875008,
                    0.83849576217538812,
                    0.5359549511105659,
                    0.15,
                    0,
                    0,
                    0,
                    1,
                ],
                "fov": 90,
                "aspect": 1,
            },
        ],
        "crop": None,
    }