load_lerf_config: /workspace/chat-with-nerf/data/home_1/outputs/home_1/lerf/2023-05-12_053132/config.yml
camera_path: /workspace/chat-with-nerf/data/home_1/home_1/May11at4-51PM-poly/keyframes/cameras
camera_poses: {
        "camera_type": "perspective",
        "render_height": 748,
        "render_width": 512,
        "camera_path": [
            {
                "camera_to_world": [
                    -0.9911073446273804,
                    -0.13132578769357395,
                    -0.021435047994635192,
                    -0.004725329577922821,
                    0.014139275997877105,
                    -0.26411587619995885,
                    0.9643872823171287,
                    0.0038384508807212114,
                    -0.13231024146080012,
                    0.9555083318967116,
                    0.2636240983095318,
                    0.12400251626968384,
                    0,
                    0,
                    0,
                    1,
                ],
                "fov": 90,
                "aspect": 1,
            },
            {
                "camera_to_world": [
                    -0.47699037621899754,
                    0.17382388028878842,
                    -0.8615481019687844,
                    -0.004725329577922821,
                    -0.82811424757433,
                    -0.4172957053059532,
                    0.37428736657712797,
                    0.0038384508807212114,
                    -0.2944602869162209,
                    0.8919917991000477,
                    0.3429921388260121,
                    0.12400251626968384,
                    0,
                    0,
                    0,
                    1,
                ],
                "fov": 90,
                "aspect": 1,
            },
            {
                "camera_to_world": [
                    0.5141169684083826,
                    0.16649266210147076,
                    -0.8414057455420341,
                    -0.004725329577922821,
                   -0.8422535235722074,
                    -0.0874558287863968,
                    -0.5319402461960541,
                    0.0038384508807212114,
                    -0.16215004545542086,
                    0.9821565509879738,
                    0.09526651898320626,
                    0.12400251626968384,
                    0,
                    0,
                    0,
                    1,
                ],
                "fov": 90,
                "aspect": 1,
            },
            {
                "camera_to_world": [
                    0.9911073446273801,
                    -0.13073709180186585,
                    -0.02477370830256249,
                    -0.004725329577922821,
                    -0.014139275997877662,
                    0.08165213662205059,
                    -0.9965605626056765,
                    0.0038384508807212114,
                    0.13231024146079992,
                    0.9880488804707187,
                    0.0790774767813781,
                    0.12400251626968384,
                    0,
                    0,
                    0,
                    1,
                ],
                "fov": 90,
                "aspect": 1,
            },
            {
                "camera_to_world": [
                    0.47699037621899787,
                    -0.42063562751788486,
                    0.7717159725101589,
                    -0.004725329577922821,
                    0.8281142475743295,
                    -0.07907977448905835,
                    -0.5549532662421173,
                    0.0038384508807212114,
                    0.2944602869162208,
                    0.9037764580655373,
                    0.31061405442235573,
                    0.12400251626968384,
                    0,
                    0,
                    0,
                    1,
                ],
                "fov": 90,
                "aspect": 1,
            },
            {
                "camera_to_world": [
                    -0.5141169684083821,
                    -0.4133044093305674,
                    0.7515736160834091,
                    -0.004725329577922821,
                    0.8422535235722074,
                    -0.40891965100861466,
                    0.35127434653106443,
                    0.0038384508807212114,
                    0.16215004545542094,
                    0.813611706177611,
                    0.5583396742651616,
                    0.12400251626968384,
                    0,
                    0,
                    0,
                    1,
                ],
                "fov": 90,
                "aspect": 1,
            },
        ],
        "crop": None,
    }
